105.833620808 -6.226014077 -1.0 CPSR
106.052246546 -6.020772812 -0.0 CGON
106.663804267 -6.290831854 -2.9 CTGR
106.884531324 -6.110110508 -6.4 CJKT
107.096370425 -6.308319194 -0.5 CBTU
107.984591557 -6.312547945 -15.9 CROL
108.560907581 -6.716135170 -2.3 CCIR
109.136069395 -6.871188413 -12.5 CTGL
110.376938343 -6.987269470 -0.8 CSEM
110.666754847 -6.596201429 -2.7 CJPR
109.669442526 -6.887013537 -107.0 CPKL
110.914206953 -7.096079541 -1.1 CPWD
111.986435007 -6.872254417 0.4 CTBN
112.326522914 -7.092596349 -4.9 CLMG
112.441614888 -7.465579158 -1.3 CMJT
112.724366127 -7.334334962 -2.2 CSBY
112.901036244 -7.651407514 -1.4 CPAS
113.530419808 -7.718753298 -3.5 CPAI
114.012882194 -7.703318469 0.1 CSIT
114.440346269 -7.838299211 -2.1 CBRN
